,neg,neu,pos,compound,place_id
0,0.01,0.753,0.238,0.9685,ChIJIWfihOa0RIYRcxoKnUDcggY
1,0.0,0.815,0.185,0.983,ChIJIWfihOa0RIYRcxoKnUDcggY
2,0.025,0.8,0.175,0.9242,ChIJIWfihOa0RIYRcxoKnUDcggY
3,0.036,0.712,0.253,0.983,ChIJIWfihOa0RIYRcxoKnUDcggY
4,0.059,0.728,0.213,0.9018,ChIJIWfihOa0RIYRcxoKnUDcggY
5,0.04,0.678,0.282,0.981,ChIJIWfihOa0RIYRcxoKnUDcggY
6,0.0,0.715,0.285,0.9708,ChIJIWfihOa0RIYRcxoKnUDcggY
7,0.0,0.681,0.319,0.9809,ChIJIWfihOa0RIYRcxoKnUDcggY
8,0.0,0.65,0.35,0.9637,ChIJIWfihOa0RIYRcxoKnUDcggY
9,0.0,0.786,0.214,0.9215,ChIJIWfihOa0RIYRcxoKnUDcggY
10,0.076,0.687,0.237,0.8475,ChIJIWfihOa0RIYRcxoKnUDcggY
11,0.0,0.677,0.323,0.9729,ChIJIWfihOa0RIYRcxoKnUDcggY
12,0.032,0.56,0.407,0.9733,ChIJIWfihOa0RIYRcxoKnUDcggY
13,0.0,0.731,0.269,0.8858,ChIJIWfihOa0RIYRcxoKnUDcggY
14,0.045,0.798,0.157,0.9799,ChIJIWfihOa0RIYRcxoKnUDcggY
15,0.0,0.519,0.481,0.8805,ChIJIWfihOa0RIYRcxoKnUDcggY
16,0.077,0.657,0.266,0.7346,ChIJIWfihOa0RIYRcxoKnUDcggY
17,0.021,0.672,0.308,0.988,ChIJIWfihOa0RIYRcxoKnUDcggY
18,0.01,0.615,0.375,0.9949,ChIJIWfihOa0RIYRcxoKnUDcggY
19,0.0,0.681,0.319,0.9744,ChIJIWfihOa0RIYRcxoKnUDcggY
20,0.029,0.682,0.289,0.9937,ChIJIWfihOa0RIYRcxoKnUDcggY
21,0.019,0.452,0.529,0.992,ChIJIWfihOa0RIYRcxoKnUDcggY
22,0.0,0.768,0.232,0.9663,ChIJIWfihOa0RIYRcxoKnUDcggY
23,0.0,0.672,0.328,0.9663,ChIJIWfihOa0RIYRcxoKnUDcggY
24,0.0,0.719,0.281,0.9512,ChIJIWfihOa0RIYRcxoKnUDcggY
25,0.051,0.703,0.246,0.9958,ChIJIWfihOa0RIYRcxoKnUDcggY
26,0.025,0.631,0.344,0.953,ChIJIWfihOa0RIYRcxoKnUDcggY
27,0.025,0.733,0.242,0.962,ChIJIWfihOa0RIYRcxoKnUDcggY
28,0.071,0.67,0.26,0.9719,ChIJIWfihOa0RIYRcxoKnUDcggY
29,0.03,0.836,0.133,0.9318,ChIJIWfihOa0RIYRcxoKnUDcggY
30,0.017,0.736,0.247,0.9924,ChIJIWfihOa0RIYRcxoKnUDcggY
31,0.059,0.793,0.148,0.9593,ChIJIWfihOa0RIYRcxoKnUDcggY
32,0.023,0.811,0.166,0.9885,ChIJIWfihOa0RIYRcxoKnUDcggY
33,0.068,0.68,0.252,0.981,ChIJIWfihOa0RIYRcxoKnUDcggY
34,0.038,0.762,0.2,0.845,ChIJIWfihOa0RIYRcxoKnUDcggY
35,0.014,0.728,0.258,0.986,ChIJIWfihOa0RIYRcxoKnUDcggY
36,0.069,0.705,0.226,0.9534,ChIJIWfihOa0RIYRcxoKnUDcggY
37,0.0,0.43,0.57,0.9423,ChIJIWfihOa0RIYRcxoKnUDcggY
38,0.037,0.696,0.266,0.9741,ChIJIWfihOa0RIYRcxoKnUDcggY
39,0.0,0.655,0.345,0.9946,ChIJIWfihOa0RIYRcxoKnUDcggY
40,0.0,0.592,0.408,0.8502,ChIJIWfihOa0RIYRcxoKnUDcggY
41,0.018,0.752,0.23,0.9758,ChIJIWfihOa0RIYRcxoKnUDcggY
42,0.0,0.743,0.257,0.948,ChIJIWfihOa0RIYRcxoKnUDcggY
43,0.0,0.478,0.522,0.9822,ChIJIWfihOa0RIYRcxoKnUDcggY
44,0.012,0.634,0.354,0.9901,ChIJIWfihOa0RIYRcxoKnUDcggY
45,0.044,0.774,0.182,0.9271,ChIJIWfihOa0RIYRcxoKnUDcggY
46,0.06,0.742,0.199,0.9445,ChIJIWfihOa0RIYRcxoKnUDcggY
47,0.0,0.633,0.367,0.9882,ChIJIWfihOa0RIYRcxoKnUDcggY
48,0.079,0.701,0.22,0.9225,ChIJIWfihOa0RIYRcxoKnUDcggY
49,0.0,0.732,0.268,0.9771,ChIJIWfihOa0RIYRcxoKnUDcggY
50,0.045,0.621,0.334,0.9841,ChIJIWfihOa0RIYRcxoKnUDcggY
51,0.052,0.771,0.177,0.9322,ChIJIWfihOa0RIYRcxoKnUDcggY
52,0.0,0.536,0.464,0.9862,ChIJIWfihOa0RIYRcxoKnUDcggY
53,0.065,0.759,0.177,0.9749,ChIJIWfihOa0RIYRcxoKnUDcggY
54,0.0,0.796,0.204,0.8655,ChIJIWfihOa0RIYRcxoKnUDcggY
55,0.0,0.634,0.366,0.9675,ChIJIWfihOa0RIYRcxoKnUDcggY
56,0.0,0.831,0.169,0.989,ChIJIWfihOa0RIYRcxoKnUDcggY
57,0.034,0.784,0.183,0.9396,ChIJIWfihOa0RIYRcxoKnUDcggY
58,0.03,0.47,0.5,0.9861,ChIJIWfihOa0RIYRcxoKnUDcggY
59,0.0,0.643,0.357,0.9018,ChIJIWfihOa0RIYRcxoKnUDcggY
60,0.0,0.64,0.36,0.947,ChIJIWfihOa0RIYRcxoKnUDcggY
61,0.0,0.752,0.248,0.8221,ChIJIWfihOa0RIYRcxoKnUDcggY
62,0.0,0.752,0.248,0.9049,ChIJIWfihOa0RIYRcxoKnUDcggY
63,0.0,0.587,0.413,0.9411,ChIJIWfihOa0RIYRcxoKnUDcggY
64,0.033,0.571,0.397,0.9246,ChIJIWfihOa0RIYRcxoKnUDcggY
65,0.0,0.73,0.27,0.9038,ChIJIWfihOa0RIYRcxoKnUDcggY
66,0.0,0.672,0.328,0.8316,ChIJIWfihOa0RIYRcxoKnUDcggY
67,0.0,0.391,0.609,0.9257,ChIJIWfihOa0RIYRcxoKnUDcggY
68,0.059,0.608,0.333,0.8439,ChIJIWfihOa0RIYRcxoKnUDcggY
69,0.0,0.31,0.69,0.7707,ChIJIWfihOa0RIYRcxoKnUDcggY
70,0.046,0.688,0.266,0.8283,ChIJIWfihOa0RIYRcxoKnUDcggY
71,0.0,0.632,0.368,0.9323,ChIJIWfihOa0RIYRcxoKnUDcggY
72,0.0,0.704,0.296,0.6369,ChIJIWfihOa0RIYRcxoKnUDcggY
73,0.0,0.506,0.494,0.9134,ChIJIWfihOa0RIYRcxoKnUDcggY
74,0.0,0.4,0.6,0.6696,ChIJIWfihOa0RIYRcxoKnUDcggY
75,0.0,0.267,0.733,0.9647,ChIJIWfihOa0RIYRcxoKnUDcggY
76,0.0,0.506,0.494,0.913,ChIJIWfihOa0RIYRcxoKnUDcggY
77,0.0,0.387,0.613,0.9022,ChIJIWfihOa0RIYRcxoKnUDcggY
78,0.137,0.39,0.473,0.8356,ChIJIWfihOa0RIYRcxoKnUDcggY
79,0.0,0.527,0.473,0.6696,ChIJIWfihOa0RIYRcxoKnUDcggY
80,0.0,0.295,0.705,0.6988,ChIJIWfihOa0RIYRcxoKnUDcggY
81,0.286,0.39,0.325,0.0772,ChIJIWfihOa0RIYRcxoKnUDcggY
82,0.0,0.196,0.804,0.6239,ChIJIWfihOa0RIYRcxoKnUDcggY
83,0.0,0.739,0.261,0.913,ChIJIWfihOa0RIYRcxoKnUDcggY
99,0.0,0.541,0.459,0.969,ChIJ3QD4i0C0RIYR5TiI8PmmL_A
100,0.252,0.693,0.054,-0.8617,ChIJ3QD4i0C0RIYR5TiI8PmmL_A
101,0.148,0.806,0.046,-0.7796,ChIJ3QD4i0C0RIYR5TiI8PmmL_A
102,0.0,0.639,0.361,0.9842,ChIJ3QD4i0C0RIYR5TiI8PmmL_A
103,0.073,0.724,0.204,0.8925,ChIJ3QD4i0C0RIYR5TiI8PmmL_A
104,0.0,0.537,0.463,0.7845,ChIJ3QD4i0C0RIYR5TiI8PmmL_A
105,0.112,0.864,0.024,-0.8523,ChIJ3QD4i0C0RIYR5TiI8PmmL_A
106,0.208,0.595,0.197,-0.0798,ChIJ3QD4i0C0RIYR5TiI8PmmL_A
107,0.26,0.592,0.148,-0.2263,ChIJ3QD4i0C0RIYR5TiI8PmmL_A
108,0.086,0.864,0.049,-0.296,ChIJ3QD4i0C0RIYR5TiI8PmmL_A
109,0.0,0.674,0.326,0.9115,ChIJ3QD4i0C0RIYR5TiI8PmmL_A
110,0.0,0.781,0.219,0.8885,ChIJ3QD4i0C0RIYR5TiI8PmmL_A
111,0.03,0.715,0.256,0.9499,ChIJ3QD4i0C0RIYR5TiI8PmmL_A
112,0.048,0.858,0.094,0.3976,ChIJ3QD4i0C0RIYR5TiI8PmmL_A
113,0.0,0.659,0.341,0.8316,ChIJ3QD4i0C0RIYR5TiI8PmmL_A
114,0.0,0.666,0.334,0.9589,ChIJ3QD4i0C0RIYR5TiI8PmmL_A
115,0.0,0.772,0.228,0.7351,ChIJ3QD4i0C0RIYR5TiI8PmmL_A
116,0.037,0.895,0.068,0.359,ChIJ3QD4i0C0RIYR5TiI8PmmL_A
117,0.05,0.71,0.241,0.6573,ChIJ3QD4i0C0RIYR5TiI8PmmL_A
118,0.0,0.595,0.405,0.8596,ChIJ3QD4i0C0RIYR5TiI8PmmL_A
119,0.151,0.746,0.103,-0.6124,ChIJ3QD4i0C0RIYR5TiI8PmmL_A
120,0.152,0.669,0.179,0.877,ChIJ3QD4i0C0RIYR5TiI8PmmL_A
121,0.058,0.776,0.166,0.9545,ChIJ3QD4i0C0RIYR5TiI8PmmL_A
122,0.0,0.565,0.435,0.875,ChIJ3QD4i0C0RIYR5TiI8PmmL_A
123,0.0,0.48,0.52,0.8221,ChIJ3QD4i0C0RIYR5TiI8PmmL_A
124,0.018,0.72,0.262,0.9881,ChIJ3QD4i0C0RIYR5TiI8PmmL_A
125,0.117,0.672,0.212,0.7579,ChIJ3QD4i0C0RIYR5TiI8PmmL_A
126,0.0,0.709,0.291,0.9299,ChIJ3QD4i0C0RIYR5TiI8PmmL_A
127,0.326,0.674,0.0,-0.7774,ChIJ3QD4i0C0RIYR5TiI8PmmL_A
128,0.013,0.697,0.29,0.9888,ChIJ3QD4i0C0RIYR5TiI8PmmL_A
129,0.0,0.556,0.444,0.6808,ChIJ3QD4i0C0RIYR5TiI8PmmL_A
130,0.0,0.815,0.185,0.7778,ChIJ3QD4i0C0RIYR5TiI8PmmL_A
131,0.0,0.843,0.157,0.6249,ChIJ3QD4i0C0RIYR5TiI8PmmL_A
132,0.0,0.582,0.418,0.9789,ChIJ3QD4i0C0RIYR5TiI8PmmL_A
133,0.0,0.491,0.509,0.9259,ChIJ3QD4i0C0RIYR5TiI8PmmL_A
134,0.102,0.626,0.272,0.7841,ChIJ3QD4i0C0RIYR5TiI8PmmL_A
135,0.0,0.846,0.154,0.3716,ChIJ3QD4i0C0RIYR5TiI8PmmL_A
136,0.18,0.588,0.232,0.34,ChIJ3QD4i0C0RIYR5TiI8PmmL_A
137,0.0,0.896,0.104,0.6124,ChIJ3QD4i0C0RIYR5TiI8PmmL_A
138,0.0,0.726,0.274,0.9788,ChIJ3QD4i0C0RIYR5TiI8PmmL_A
139,0.102,0.638,0.26,0.836,ChIJ3QD4i0C0RIYR5TiI8PmmL_A
140,0.0,0.736,0.264,0.9893,ChIJ3QD4i0C0RIYR5TiI8PmmL_A
141,0.0,0.745,0.255,0.3382,ChIJ3QD4i0C0RIYR5TiI8PmmL_A
142,0.0,0.744,0.256,0.9253,ChIJ3QD4i0C0RIYR5TiI8PmmL_A
143,0.081,0.66,0.259,0.8912,ChIJ3QD4i0C0RIYR5TiI8PmmL_A
144,0.071,0.779,0.15,0.8394,ChIJ3QD4i0C0RIYR5TiI8PmmL_A
145,0.081,0.767,0.152,0.5859,ChIJ3QD4i0C0RIYR5TiI8PmmL_A
146,0.0,0.698,0.302,0.9819,ChIJ3QD4i0C0RIYR5TiI8PmmL_A
147,0.0,0.737,0.263,0.9702,ChIJ3QD4i0C0RIYR5TiI8PmmL_A
148,0.216,0.784,0.0,-0.296,ChIJ3QD4i0C0RIYR5TiI8PmmL_A
149,0.038,0.783,0.179,0.8481,ChIJ3QD4i0C0RIYR5TiI8PmmL_A
150,0.0,0.785,0.215,0.6249,ChIJ3QD4i0C0RIYR5TiI8PmmL_A
151,0.088,0.739,0.173,0.9557,ChIJ3QD4i0C0RIYR5TiI8PmmL_A
152,0.0,0.833,0.167,0.908,ChIJ3QD4i0C0RIYR5TiI8PmmL_A
153,0.0,0.51,0.49,0.9246,ChIJ3QD4i0C0RIYR5TiI8PmmL_A
154,0.088,0.601,0.312,0.9377,ChIJ3QD4i0C0RIYR5TiI8PmmL_A
155,0.0,1.0,0.0,0.0,ChIJ3QD4i0C0RIYR5TiI8PmmL_A
156,0.037,0.827,0.136,0.8012,ChIJ3QD4i0C0RIYR5TiI8PmmL_A
157,0.12,0.83,0.05,-0.9049,ChIJ3QD4i0C0RIYR5TiI8PmmL_A
158,0.0,0.608,0.392,0.9737,ChIJ3QD4i0C0RIYR5TiI8PmmL_A
159,0.04,0.775,0.185,0.9516,ChIJ3QD4i0C0RIYR5TiI8PmmL_A
160,0.29,0.49,0.22,0.1154,ChIJ3QD4i0C0RIYR5TiI8PmmL_A
161,0.0,0.687,0.313,0.862,ChIJ3QD4i0C0RIYR5TiI8PmmL_A
162,0.0,0.674,0.326,0.9599,ChIJ3QD4i0C0RIYR5TiI8PmmL_A
163,0.0,0.621,0.379,0.9493,ChIJ3QD4i0C0RIYR5TiI8PmmL_A
164,0.0,1.0,0.0,0.0,ChIJ3QD4i0C0RIYR5TiI8PmmL_A
165,0.128,0.872,0.0,-0.8126,ChIJ3QD4i0C0RIYR5TiI8PmmL_A
166,0.011,0.89,0.1,0.9045,ChIJ3QD4i0C0RIYR5TiI8PmmL_A
167,0.057,0.637,0.306,0.8934,ChIJ3QD4i0C0RIYR5TiI8PmmL_A
168,0.124,0.832,0.044,-0.4874,ChIJ3QD4i0C0RIYR5TiI8PmmL_A
169,0.0,0.769,0.231,0.9493,ChIJ3QD4i0C0RIYR5TiI8PmmL_A
170,0.192,0.699,0.109,-0.5371,ChIJ3QD4i0C0RIYR5TiI8PmmL_A
171,0.07,0.672,0.258,0.9036,ChIJ3QD4i0C0RIYR5TiI8PmmL_A
172,0.121,0.879,0.0,-0.5687,ChIJ3QD4i0C0RIYR5TiI8PmmL_A
173,0.0,0.196,0.804,0.9231,ChIJ3QD4i0C0RIYR5TiI8PmmL_A
174,0.059,0.854,0.087,0.5572,ChIJ3QD4i0C0RIYR5TiI8PmmL_A
175,0.0,0.721,0.279,0.9485,ChIJ3QD4i0C0RIYR5TiI8PmmL_A
176,0.118,0.753,0.129,0.1496,ChIJ3QD4i0C0RIYR5TiI8PmmL_A
177,0.008,0.943,0.049,0.875,ChIJ3QD4i0C0RIYR5TiI8PmmL_A
178,0.035,0.863,0.102,0.5859,ChIJ3QD4i0C0RIYR5TiI8PmmL_A
179,0.0,0.631,0.369,0.6249,ChIJ3QD4i0C0RIYR5TiI8PmmL_A
180,0.059,0.871,0.07,-0.1556,ChIJ3QD4i0C0RIYR5TiI8PmmL_A
181,0.0,0.827,0.173,0.5927,ChIJ3QD4i0C0RIYR5TiI8PmmL_A
182,0.107,0.808,0.084,-0.2975,ChIJ3QD4i0C0RIYR5TiI8PmmL_A
183,0.053,0.669,0.279,0.9482,ChIJ3QD4i0C0RIYR5TiI8PmmL_A
184,0.056,0.815,0.129,0.9065,ChIJ3QD4i0C0RIYR5TiI8PmmL_A
185,0.072,0.895,0.033,-0.4497,ChIJ3QD4i0C0RIYR5TiI8PmmL_A
186,0.034,0.749,0.217,0.935,ChIJ3QD4i0C0RIYR5TiI8PmmL_A
187,0.011,0.747,0.242,0.9964,ChIJ3QD4i0C0RIYR5TiI8PmmL_A
188,0.135,0.79,0.075,-0.8113,ChIJ3QD4i0C0RIYR5TiI8PmmL_A
189,0.063,0.696,0.241,0.6808,ChIJ3QD4i0C0RIYR5TiI8PmmL_A
190,0.0,0.753,0.247,0.9607,ChIJ3QD4i0C0RIYR5TiI8PmmL_A
191,0.04,0.741,0.219,0.8669,ChIJ3QD4i0C0RIYR5TiI8PmmL_A
192,0.0,0.762,0.238,0.8974,ChIJ3QD4i0C0RIYR5TiI8PmmL_A
193,0.0,1.0,0.0,0.0,ChIJ3QD4i0C0RIYR5TiI8PmmL_A
194,0.086,0.753,0.161,0.3818,ChIJ3QD4i0C0RIYR5TiI8PmmL_A
195,0.0,0.596,0.404,0.8968,ChIJ3QD4i0C0RIYR5TiI8PmmL_A
196,0.0,0.694,0.306,0.9806,ChIJ3QD4i0C0RIYR5TiI8PmmL_A
197,0.106,0.697,0.197,0.87,ChIJ3QD4i0C0RIYR5TiI8PmmL_A
198,0.051,0.786,0.163,0.743,ChIJ3QD4i0C0RIYR5TiI8PmmL_A
199,0.0,0.692,0.308,0.8847,ChIJ3QD4i0C0RIYR5TiI8PmmL_A
200,0.0,0.773,0.227,0.6249,ChIJ3QD4i0C0RIYR5TiI8PmmL_A
201,0.0,0.626,0.374,0.9686,ChIJ3QD4i0C0RIYR5TiI8PmmL_A
202,0.042,0.799,0.16,0.8559,ChIJ3QD4i0C0RIYR5TiI8PmmL_A
203,0.0,0.627,0.373,0.8976,ChIJ3QD4i0C0RIYR5TiI8PmmL_A
204,0.0,0.818,0.182,0.8569,ChIJ3QD4i0C0RIYR5TiI8PmmL_A
205,0.306,0.639,0.055,-0.9264,ChIJ3QD4i0C0RIYR5TiI8PmmL_A
206,0.12,0.88,0.0,-0.4003,ChIJ3QD4i0C0RIYR5TiI8PmmL_A
207,0.0,0.639,0.361,0.9596,ChIJ3QD4i0C0RIYR5TiI8PmmL_A
208,0.134,0.822,0.044,-0.898,ChIJ3QD4i0C0RIYR5TiI8PmmL_A
209,0.039,0.961,0.0,-0.3164,ChIJ3QD4i0C0RIYR5TiI8PmmL_A
210,0.076,0.741,0.183,0.9643,ChIJ3QD4i0C0RIYR5TiI8PmmL_A
211,0.0,0.694,0.306,0.8908,ChIJ3QD4i0C0RIYR5TiI8PmmL_A
212,0.138,0.796,0.066,-0.8803,ChIJ3QD4i0C0RIYR5TiI8PmmL_A
213,0.162,0.693,0.146,0.4003,ChIJ3QD4i0C0RIYR5TiI8PmmL_A
214,0.04,0.91,0.05,0.1406,ChIJ3QD4i0C0RIYR5TiI8PmmL_A
215,0.169,0.804,0.028,-0.9153,ChIJ3QD4i0C0RIYR5TiI8PmmL_A
216,0.095,0.887,0.018,-0.6124,ChIJ3QD4i0C0RIYR5TiI8PmmL_A
217,0.142,0.804,0.054,-0.7207,ChIJ3QD4i0C0RIYR5TiI8PmmL_A
218,0.073,0.731,0.196,0.5719,ChIJ3QD4i0C0RIYR5TiI8PmmL_A
219,0.0,0.548,0.452,0.9381,ChIJ3QD4i0C0RIYR5TiI8PmmL_A
220,0.161,0.792,0.047,-0.9844,ChIJ3QD4i0C0RIYR5TiI8PmmL_A
221,0.0,0.313,0.687,0.7644,ChIJ3QD4i0C0RIYR5TiI8PmmL_A
222,0.0,0.924,0.076,0.4939,ChIJ3QD4i0C0RIYR5TiI8PmmL_A
223,0.104,0.845,0.051,-0.296,ChIJ3QD4i0C0RIYR5TiI8PmmL_A
224,0.0,0.608,0.392,0.9605,ChIJ3QD4i0C0RIYR5TiI8PmmL_A
225,0.065,0.816,0.119,0.8432,ChIJ3QD4i0C0RIYR5TiI8PmmL_A
226,0.126,0.742,0.132,0.3071,ChIJ3QD4i0C0RIYR5TiI8PmmL_A
227,0.039,0.828,0.133,0.7267,ChIJ3QD4i0C0RIYR5TiI8PmmL_A
228,0.0,0.711,0.289,0.6476,ChIJ3QD4i0C0RIYR5TiI8PmmL_A
229,0.101,0.815,0.085,-0.8828,ChIJ3QD4i0C0RIYR5TiI8PmmL_A
230,0.0,0.696,0.304,0.9764,ChIJ3QD4i0C0RIYR5TiI8PmmL_A
231,0.0,0.603,0.397,0.8892,ChIJ3QD4i0C0RIYR5TiI8PmmL_A
232,0.0,0.834,0.166,0.6801,ChIJ3QD4i0C0RIYR5TiI8PmmL_A
233,0.063,0.884,0.054,-0.4714,ChIJ3QD4i0C0RIYR5TiI8PmmL_A
234,0.0,0.926,0.074,0.4912,ChIJ3QD4i0C0RIYR5TiI8PmmL_A
235,0.131,0.456,0.413,0.8824,ChIJ3QD4i0C0RIYR5TiI8PmmL_A
236,0.048,0.758,0.194,0.8519,ChIJ3QD4i0C0RIYR5TiI8PmmL_A
237,0.048,0.514,0.438,0.886,ChIJ3QD4i0C0RIYR5TiI8PmmL_A
238,0.071,0.644,0.285,0.7696,ChIJ3QD4i0C0RIYR5TiI8PmmL_A
239,0.053,0.706,0.241,0.8124,ChIJ3QD4i0C0RIYR5TiI8PmmL_A
240,0.045,0.553,0.403,0.9671,ChIJ3QD4i0C0RIYR5TiI8PmmL_A
241,0.082,0.671,0.248,0.69,ChIJ3QD4i0C0RIYR5TiI8PmmL_A
242,0.0,0.826,0.174,0.7906,ChIJ3QD4i0C0RIYR5TiI8PmmL_A
243,0.112,0.849,0.039,-0.4845,ChIJ3QD4i0C0RIYR5TiI8PmmL_A
244,0.0,0.529,0.471,0.8689,ChIJ3QD4i0C0RIYR5TiI8PmmL_A
245,0.161,0.556,0.283,0.5267,ChIJ3QD4i0C0RIYR5TiI8PmmL_A
246,0.086,0.77,0.143,0.2135,ChIJ3QD4i0C0RIYR5TiI8PmmL_A
247,0.0,0.734,0.266,0.8271,ChIJ3QD4i0C0RIYR5TiI8PmmL_A
248,0.324,0.615,0.06,-0.8902,ChIJ3QD4i0C0RIYR5TiI8PmmL_A
249,0.0,0.761,0.239,0.8439,ChIJ3QD4i0C0RIYR5TiI8PmmL_A
250,0.0,0.84,0.16,0.6908,ChIJ3QD4i0C0RIYR5TiI8PmmL_A
251,0.0,0.397,0.603,0.9532,ChIJ3QD4i0C0RIYR5TiI8PmmL_A
252,0.0,0.749,0.251,0.886,ChIJ3QD4i0C0RIYR5TiI8PmmL_A
253,0.0,0.616,0.384,0.9093,ChIJ3QD4i0C0RIYR5TiI8PmmL_A
254,0.0,0.545,0.455,0.9239,ChIJ3QD4i0C0RIYR5TiI8PmmL_A
255,0.0,0.598,0.402,0.9474,ChIJ3QD4i0C0RIYR5TiI8PmmL_A
256,0.0,0.435,0.565,0.8442,ChIJ3QD4i0C0RIYR5TiI8PmmL_A
257,0.059,0.49,0.451,0.9044,ChIJ3QD4i0C0RIYR5TiI8PmmL_A
258,0.0,0.684,0.316,0.8655,ChIJ3QD4i0C0RIYR5TiI8PmmL_A
259,0.0,0.446,0.554,0.9559,ChIJ3QD4i0C0RIYR5TiI8PmmL_A
260,0.085,0.9,0.015,-0.7269,ChIJ3QD4i0C0RIYR5TiI8PmmL_A
261,0.0,0.588,0.412,0.912,ChIJ3QD4i0C0RIYR5TiI8PmmL_A
262,0.0,0.766,0.234,0.7269,ChIJ3QD4i0C0RIYR5TiI8PmmL_A
263,0.0,0.884,0.116,0.5499,ChIJ3QD4i0C0RIYR5TiI8PmmL_A
264,0.0,0.648,0.352,0.8271,ChIJ3QD4i0C0RIYR5TiI8PmmL_A
265,0.0,0.863,0.137,0.4019,ChIJ3QD4i0C0RIYR5TiI8PmmL_A
266,0.0,0.784,0.216,0.6705,ChIJ3QD4i0C0RIYR5TiI8PmmL_A
267,0.074,0.926,0.0,-0.25,ChIJ3QD4i0C0RIYR5TiI8PmmL_A
268,0.0,0.718,0.282,0.7096,ChIJ3QD4i0C0RIYR5TiI8PmmL_A
269,0.0,0.547,0.453,0.9272,ChIJ3QD4i0C0RIYR5TiI8PmmL_A
270,0.098,0.902,0.0,-0.1045,ChIJ3QD4i0C0RIYR5TiI8PmmL_A
271,0.0,0.669,0.331,0.9081,ChIJ3QD4i0C0RIYR5TiI8PmmL_A
272,0.188,0.68,0.132,-0.358,ChIJ3QD4i0C0RIYR5TiI8PmmL_A
273,0.0,0.601,0.399,0.923,ChIJ3QD4i0C0RIYR5TiI8PmmL_A
274,0.199,0.734,0.067,-0.6187,ChIJ3QD4i0C0RIYR5TiI8PmmL_A
275,0.0,0.546,0.454,0.923,ChIJ3QD4i0C0RIYR5TiI8PmmL_A
276,0.0,0.845,0.155,0.6588,ChIJ3QD4i0C0RIYR5TiI8PmmL_A
277,0.04,0.838,0.121,0.4215,ChIJ3QD4i0C0RIYR5TiI8PmmL_A
278,0.0,0.716,0.284,0.9095,ChIJ3QD4i0C0RIYR5TiI8PmmL_A
279,0.16,0.84,0.0,-0.6705,ChIJ3QD4i0C0RIYR5TiI8PmmL_A
280,0.0,0.628,0.372,0.8717,ChIJ3QD4i0C0RIYR5TiI8PmmL_A
281,0.126,0.765,0.109,-0.1139,ChIJ3QD4i0C0RIYR5TiI8PmmL_A
282,0.0,0.782,0.218,0.7717,ChIJ3QD4i0C0RIYR5TiI8PmmL_A
283,0.0,0.604,0.396,0.7096,ChIJ3QD4i0C0RIYR5TiI8PmmL_A
284,0.0,0.636,0.364,0.8834,ChIJ3QD4i0C0RIYR5TiI8PmmL_A
285,0.0,0.518,0.482,0.8795,ChIJ3QD4i0C0RIYR5TiI8PmmL_A
286,0.091,0.779,0.13,0.2247,ChIJ3QD4i0C0RIYR5TiI8PmmL_A
287,0.278,0.722,0.0,-0.6126,ChIJ3QD4i0C0RIYR5TiI8PmmL_A
288,0.081,0.919,0.0,-0.3182,ChIJ3QD4i0C0RIYR5TiI8PmmL_A
289,0.085,0.684,0.231,0.3716,ChIJ3QD4i0C0RIYR5TiI8PmmL_A
290,0.0,0.745,0.255,0.5859,ChIJ3QD4i0C0RIYR5TiI8PmmL_A
291,0.0,0.682,0.318,0.6808,ChIJ3QD4i0C0RIYR5TiI8PmmL_A
292,0.0,0.439,0.561,0.7506,ChIJ3QD4i0C0RIYR5TiI8PmmL_A
293,0.0,0.696,0.304,0.807,ChIJ3QD4i0C0RIYR5TiI8PmmL_A
294,0.0,0.821,0.179,0.6124,ChIJ3QD4i0C0RIYR5TiI8PmmL_A
295,0.0,0.641,0.359,0.807,ChIJ3QD4i0C0RIYR5TiI8PmmL_A
296,0.457,0.543,0.0,-0.5209,ChIJ3QD4i0C0RIYR5TiI8PmmL_A
297,0.0,0.737,0.263,0.6124,ChIJ3QD4i0C0RIYR5TiI8PmmL_A
298,0.148,0.765,0.087,-0.4523,ChIJ3QD4i0C0RIYR5TiI8PmmL_A
299,0.0,0.759,0.241,0.743,ChIJ3QD4i0C0RIYR5TiI8PmmL_A
300,0.0,0.763,0.237,0.6808,ChIJ3QD4i0C0RIYR5TiI8PmmL_A
301,0.0,0.819,0.181,0.4939,ChIJ3QD4i0C0RIYR5TiI8PmmL_A
302,0.0,0.343,0.657,0.9244,ChIJ3QD4i0C0RIYR5TiI8PmmL_A
303,0.0,0.588,0.412,0.8807,ChIJ3QD4i0C0RIYR5TiI8PmmL_A
304,0.0,0.882,0.118,0.4854,ChIJ3QD4i0C0RIYR5TiI8PmmL_A
305,0.0,1.0,0.0,0.0,ChIJ3QD4i0C0RIYR5TiI8PmmL_A
306,0.0,0.615,0.385,0.7579,ChIJ3QD4i0C0RIYR5TiI8PmmL_A
307,0.0,0.629,0.371,0.5994,ChIJ3QD4i0C0RIYR5TiI8PmmL_A
308,0.0,0.541,0.459,0.7783,ChIJ3QD4i0C0RIYR5TiI8PmmL_A
309,0.0,0.774,0.226,0.7405,ChIJ3QD4i0C0RIYR5TiI8PmmL_A
310,0.32,0.68,0.0,-0.765,ChIJ3QD4i0C0RIYR5TiI8PmmL_A
311,0.0,0.506,0.494,0.8947,ChIJ3QD4i0C0RIYR5TiI8PmmL_A
312,0.386,0.614,0.0,-0.6588,ChIJ3QD4i0C0RIYR5TiI8PmmL_A
313,0.267,0.733,0.0,-0.7906,ChIJ3QD4i0C0RIYR5TiI8PmmL_A
314,0.233,0.444,0.322,0.2023,ChIJ3QD4i0C0RIYR5TiI8PmmL_A
315,0.0,0.57,0.43,0.7783,ChIJ3QD4i0C0RIYR5TiI8PmmL_A
316,0.0,1.0,0.0,0.0,ChIJ3QD4i0C0RIYR5TiI8PmmL_A
317,0.0,1.0,0.0,0.0,ChIJ3QD4i0C0RIYR5TiI8PmmL_A
318,0.0,0.647,0.353,0.8999,ChIJ3QD4i0C0RIYR5TiI8PmmL_A
319,0.135,0.625,0.24,0.4939,ChIJ3QD4i0C0RIYR5TiI8PmmL_A
320,0.0,1.0,0.0,0.0,ChIJ3QD4i0C0RIYR5TiI8PmmL_A
321,0.0,0.854,0.146,0.4404,ChIJ3QD4i0C0RIYR5TiI8PmmL_A
322,0.0,0.594,0.406,0.8357,ChIJ3QD4i0C0RIYR5TiI8PmmL_A
323,0.0,1.0,0.0,0.0,ChIJ3QD4i0C0RIYR5TiI8PmmL_A
324,0.0,0.432,0.568,0.8479,ChIJ3QD4i0C0RIYR5TiI8PmmL_A
325,0.0,0.448,0.552,0.9828,ChIJ3QD4i0C0RIYR5TiI8PmmL_A
326,0.0,0.756,0.244,0.4404,ChIJ3QD4i0C0RIYR5TiI8PmmL_A
327,0.0,0.758,0.242,0.4939,ChIJ3QD4i0C0RIYR5TiI8PmmL_A
328,0.0,0.562,0.438,0.7906,ChIJ3QD4i0C0RIYR5TiI8PmmL_A
329,0.0,0.467,0.533,0.9081,ChIJ3QD4i0C0RIYR5TiI8PmmL_A
330,0.0,1.0,0.0,0.0,ChIJ3QD4i0C0RIYR5TiI8PmmL_A
331,0.0,0.587,0.413,0.9239,ChIJ3QD4i0C0RIYR5TiI8PmmL_A
332,0.0,0.646,0.354,0.6588,ChIJ3QD4i0C0RIYR5TiI8PmmL_A
333,0.0,0.256,0.744,0.4404,ChIJ3QD4i0C0RIYR5TiI8PmmL_A
334,0.0,0.458,0.542,0.796,ChIJ3QD4i0C0RIYR5TiI8PmmL_A
335,0.0,0.868,0.132,0.4404,ChIJ3QD4i0C0RIYR5TiI8PmmL_A
336,0.0,0.322,0.678,0.9125,ChIJ3QD4i0C0RIYR5TiI8PmmL_A
337,0.065,0.741,0.194,0.5859,ChIJ3QD4i0C0RIYR5TiI8PmmL_A
338,0.0,0.824,0.176,0.5719,ChIJ3QD4i0C0RIYR5TiI8PmmL_A
339,0.0,0.816,0.184,0.4019,ChIJ3QD4i0C0RIYR5TiI8PmmL_A
340,0.0,0.244,0.756,0.7345,ChIJ3QD4i0C0RIYR5TiI8PmmL_A
341,0.0,0.67,0.33,0.7125,ChIJ3QD4i0C0RIYR5TiI8PmmL_A
342,0.0,0.75,0.25,0.25,ChIJ3QD4i0C0RIYR5TiI8PmmL_A
343,0.0,0.406,0.594,0.8822,ChIJ3QD4i0C0RIYR5TiI8PmmL_A
344,0.0,0.38,0.62,0.8689,ChIJ3QD4i0C0RIYR5TiI8PmmL_A
345,0.0,0.342,0.658,0.9259,ChIJ3QD4i0C0RIYR5TiI8PmmL_A
346,0.144,0.596,0.26,0.2828,ChIJ3QD4i0C0RIYR5TiI8PmmL_A
347,0.0,0.696,0.304,0.5859,ChIJ3QD4i0C0RIYR5TiI8PmmL_A
348,0.0,0.698,0.302,0.7569,ChIJ3QD4i0C0RIYR5TiI8PmmL_A
349,0.0,0.668,0.332,0.9679,ChIJz7WqZx-1RIYRFHnL5ouwkB0
350,0.0,0.754,0.246,0.9327,ChIJz7WqZx-1RIYRFHnL5ouwkB0
351,0.0,0.659,0.341,0.9898,ChIJz7WqZx-1RIYRFHnL5ouwkB0
352,0.0,0.722,0.278,0.9508,ChIJz7WqZx-1RIYRFHnL5ouwkB0
353,0.0,0.67,0.33,0.969,ChIJz7WqZx-1RIYRFHnL5ouwkB0
354,0.084,0.856,0.06,-0.1901,ChIJz7WqZx-1RIYRFHnL5ouwkB0
355,0.189,0.757,0.054,-0.9603,ChIJz7WqZx-1RIYRFHnL5ouwkB0
356,0.0,0.668,0.332,0.9696,ChIJz7WqZx-1RIYRFHnL5ouwkB0
357,0.0,0.546,0.454,0.9679,ChIJz7WqZx-1RIYRFHnL5ouwkB0
358,0.108,0.825,0.067,-0.7346,ChIJz7WqZx-1RIYRFHnL5ouwkB0
359,0.026,0.712,0.261,0.97,ChIJz7WqZx-1RIYRFHnL5ouwkB0
360,0.0,0.595,0.405,0.9735,ChIJz7WqZx-1RIYRFHnL5ouwkB0
361,0.044,0.71,0.245,0.9668,ChIJz7WqZx-1RIYRFHnL5ouwkB0
362,0.0,0.778,0.222,0.8896,ChIJz7WqZx-1RIYRFHnL5ouwkB0
363,0.0,0.688,0.312,0.9858,ChIJz7WqZx-1RIYRFHnL5ouwkB0
364,0.049,0.803,0.148,0.9208,ChIJz7WqZx-1RIYRFHnL5ouwkB0
365,0.056,0.599,0.345,0.967,ChIJz7WqZx-1RIYRFHnL5ouwkB0
366,0.111,0.716,0.173,0.6456,ChIJz7WqZx-1RIYRFHnL5ouwkB0
367,0.0,0.715,0.285,0.9443,ChIJz7WqZx-1RIYRFHnL5ouwkB0
368,0.058,0.728,0.214,0.99,ChIJz7WqZx-1RIYRFHnL5ouwkB0
369,0.089,0.695,0.216,0.87,ChIJz7WqZx-1RIYRFHnL5ouwkB0
370,0.047,0.93,0.023,-0.3589,ChIJz7WqZx-1RIYRFHnL5ouwkB0
371,0.0,0.64,0.36,0.9644,ChIJz7WqZx-1RIYRFHnL5ouwkB0
372,0.0,0.774,0.226,0.906,ChIJz7WqZx-1RIYRFHnL5ouwkB0
373,0.052,0.692,0.256,0.9682,ChIJz7WqZx-1RIYRFHnL5ouwkB0
374,0.052,0.698,0.25,0.9874,ChIJz7WqZx-1RIYRFHnL5ouwkB0
375,0.0,0.811,0.189,0.8118,ChIJz7WqZx-1RIYRFHnL5ouwkB0
376,0.0,0.751,0.249,0.9114,ChIJz7WqZx-1RIYRFHnL5ouwkB0
377,0.191,0.797,0.013,-0.9324,ChIJz7WqZx-1RIYRFHnL5ouwkB0
378,0.0,0.459,0.541,0.9551,ChIJz7WqZx-1RIYRFHnL5ouwkB0
379,0.0,0.614,0.386,0.9466,ChIJz7WqZx-1RIYRFHnL5ouwkB0
380,0.106,0.648,0.246,0.8858,ChIJz7WqZx-1RIYRFHnL5ouwkB0
381,0.122,0.73,0.148,0.8727,ChIJz7WqZx-1RIYRFHnL5ouwkB0
382,0.057,0.84,0.103,0.8885,ChIJz7WqZx-1RIYRFHnL5ouwkB0
383,0.045,0.903,0.052,-0.2975,ChIJz7WqZx-1RIYRFHnL5ouwkB0
384,0.026,0.757,0.217,0.8848,ChIJz7WqZx-1RIYRFHnL5ouwkB0
385,0.1,0.752,0.147,0.8246,ChIJz7WqZx-1RIYRFHnL5ouwkB0
386,0.0,0.58,0.42,0.9574,ChIJz7WqZx-1RIYRFHnL5ouwkB0
387,0.0,0.725,0.275,0.9169,ChIJz7WqZx-1RIYRFHnL5ouwkB0
388,0.0,0.54,0.46,0.9617,ChIJz7WqZx-1RIYRFHnL5ouwkB0
389,0.071,0.616,0.314,0.8356,ChIJz7WqZx-1RIYRFHnL5ouwkB0
390,0.0,0.715,0.285,0.9114,ChIJz7WqZx-1RIYRFHnL5ouwkB0
391,0.0,0.554,0.446,0.8881,ChIJz7WqZx-1RIYRFHnL5ouwkB0
392,0.0,0.595,0.405,0.9656,ChIJz7WqZx-1RIYRFHnL5ouwkB0
393,0.0,0.547,0.453,0.931,ChIJz7WqZx-1RIYRFHnL5ouwkB0
394,0.178,0.75,0.072,-0.5267,ChIJz7WqZx-1RIYRFHnL5ouwkB0
395,0.144,0.749,0.108,-0.2244,ChIJz7WqZx-1RIYRFHnL5ouwkB0
396,0.0,0.917,0.083,0.4019,ChIJz7WqZx-1RIYRFHnL5ouwkB0
397,0.0,0.533,0.467,0.95,ChIJz7WqZx-1RIYRFHnL5ouwkB0
398,0.058,0.619,0.324,0.8757,ChIJz7WqZx-1RIYRFHnL5ouwkB0
399,0.059,0.64,0.301,0.8807,ChIJz7WqZx-1RIYRFHnL5ouwkB0
400,0.0,0.719,0.281,0.8016,ChIJz7WqZx-1RIYRFHnL5ouwkB0
401,0.0,0.564,0.436,0.9498,ChIJz7WqZx-1RIYRFHnL5ouwkB0
402,0.126,0.57,0.303,0.7839,ChIJz7WqZx-1RIYRFHnL5ouwkB0
403,0.072,0.851,0.077,0.3291,ChIJz7WqZx-1RIYRFHnL5ouwkB0
404,0.0,0.704,0.296,0.8505,ChIJz7WqZx-1RIYRFHnL5ouwkB0
405,0.0,0.526,0.474,0.9628,ChIJz7WqZx-1RIYRFHnL5ouwkB0
406,0.0,0.509,0.491,0.9468,ChIJz7WqZx-1RIYRFHnL5ouwkB0
407,0.0,0.769,0.231,0.8172,ChIJz7WqZx-1RIYRFHnL5ouwkB0
408,0.0,0.457,0.543,0.9353,ChIJz7WqZx-1RIYRFHnL5ouwkB0
409,0.075,0.716,0.209,0.6705,ChIJz7WqZx-1RIYRFHnL5ouwkB0
410,0.157,0.772,0.07,-0.6341,ChIJz7WqZx-1RIYRFHnL5ouwkB0
411,0.0,0.4,0.6,0.9661,ChIJz7WqZx-1RIYRFHnL5ouwkB0
412,0.179,0.643,0.179,0.0752,ChIJz7WqZx-1RIYRFHnL5ouwkB0
413,0.169,0.462,0.369,0.7351,ChIJz7WqZx-1RIYRFHnL5ouwkB0
414,0.0,0.609,0.391,0.9106,ChIJz7WqZx-1RIYRFHnL5ouwkB0
415,0.0,0.463,0.537,0.9336,ChIJz7WqZx-1RIYRFHnL5ouwkB0
416,0.0,0.474,0.526,0.9488,ChIJz7WqZx-1RIYRFHnL5ouwkB0
417,0.0,0.362,0.638,0.9507,ChIJz7WqZx-1RIYRFHnL5ouwkB0
418,0.033,0.723,0.243,0.8196,ChIJz7WqZx-1RIYRFHnL5ouwkB0
419,0.0,0.597,0.403,0.8439,ChIJz7WqZx-1RIYRFHnL5ouwkB0
420,0.0,0.329,0.671,0.9359,ChIJz7WqZx-1RIYRFHnL5ouwkB0
421,0.0,0.448,0.552,0.8627,ChIJz7WqZx-1RIYRFHnL5ouwkB0
422,0.0,0.325,0.675,0.8516,ChIJz7WqZx-1RIYRFHnL5ouwkB0
423,0.0,0.448,0.552,0.8122,ChIJz7WqZx-1RIYRFHnL5ouwkB0
424,0.0,0.311,0.689,0.9013,ChIJz7WqZx-1RIYRFHnL5ouwkB0
425,0.081,0.769,0.15,0.4404,ChIJz7WqZx-1RIYRFHnL5ouwkB0
426,0.129,0.45,0.421,0.7339,ChIJz7WqZx-1RIYRFHnL5ouwkB0
427,0.0,0.566,0.434,0.7482,ChIJz7WqZx-1RIYRFHnL5ouwkB0
428,0.0,0.334,0.666,0.8748,ChIJz7WqZx-1RIYRFHnL5ouwkB0
429,0.0,0.58,0.42,0.7249,ChIJz7WqZx-1RIYRFHnL5ouwkB0
430,0.0,0.707,0.293,0.7003,ChIJz7WqZx-1RIYRFHnL5ouwkB0
431,0.0,0.517,0.483,0.8169,ChIJz7WqZx-1RIYRFHnL5ouwkB0
432,0.0,0.833,0.167,0.34,ChIJz7WqZx-1RIYRFHnL5ouwkB0
433,0.0,0.323,0.677,0.9269,ChIJz7WqZx-1RIYRFHnL5ouwkB0
434,0.0,0.419,0.581,0.8655,ChIJz7WqZx-1RIYRFHnL5ouwkB0
435,0.0,0.661,0.339,0.555,ChIJz7WqZx-1RIYRFHnL5ouwkB0
436,0.0,0.196,0.804,0.6249,ChIJz7WqZx-1RIYRFHnL5ouwkB0
437,0.0,0.182,0.818,0.6696,ChIJz7WqZx-1RIYRFHnL5ouwkB0
438,0.0,0.572,0.428,0.6696,ChIJz7WqZx-1RIYRFHnL5ouwkB0
439,0.0,0.406,0.594,0.6588,ChIJz7WqZx-1RIYRFHnL5ouwkB0
440,0.202,0.242,0.556,0.6597,ChIJz7WqZx-1RIYRFHnL5ouwkB0
441,0.0,0.295,0.705,0.6988,ChIJz7WqZx-1RIYRFHnL5ouwkB0
442,0.0,0.192,0.808,0.6369,ChIJz7WqZx-1RIYRFHnL5ouwkB0
443,0.0,0.196,0.804,0.6249,ChIJz7WqZx-1RIYRFHnL5ouwkB0
444,0.0,1.0,0.0,0.0,ChIJz7WqZx-1RIYRFHnL5ouwkB0
511,0.022,0.851,0.127,0.9657,ChIJGz-OvHK1RIYRGENTa5vNjeg
512,0.0,0.679,0.321,0.9837,ChIJGz-OvHK1RIYRGENTa5vNjeg
513,0.0,0.847,0.153,0.937,ChIJGz-OvHK1RIYRGENTa5vNjeg
514,0.052,0.644,0.304,0.9696,ChIJGz-OvHK1RIYRGENTa5vNjeg
515,0.0,0.753,0.247,0.9756,ChIJGz-OvHK1RIYRGENTa5vNjeg
516,0.0,0.729,0.271,0.9078,ChIJGz-OvHK1RIYRGENTa5vNjeg
517,0.045,0.883,0.072,0.5896,ChIJGz-OvHK1RIYRGENTa5vNjeg
518,0.0,0.746,0.254,0.9756,ChIJGz-OvHK1RIYRGENTa5vNjeg
519,0.0,0.708,0.292,0.9402,ChIJGz-OvHK1RIYRGENTa5vNjeg
520,0.055,0.759,0.186,0.8825,ChIJGz-OvHK1RIYRGENTa5vNjeg
521,0.0,0.717,0.283,0.9017,ChIJGz-OvHK1RIYRGENTa5vNjeg
522,0.0,0.491,0.509,0.9623,ChIJGz-OvHK1RIYRGENTa5vNjeg
523,0.0,0.71,0.29,0.9169,ChIJGz-OvHK1RIYRGENTa5vNjeg
524,0.0,0.644,0.356,0.9177,ChIJGz-OvHK1RIYRGENTa5vNjeg
525,0.0,0.673,0.327,0.9835,ChIJGz-OvHK1RIYRGENTa5vNjeg
526,0.0,0.567,0.433,0.9538,ChIJGz-OvHK1RIYRGENTa5vNjeg
527,0.0,0.655,0.345,0.875,ChIJGz-OvHK1RIYRGENTa5vNjeg
528,0.0,1.0,0.0,0.0,ChIJGz-OvHK1RIYRGENTa5vNjeg
529,0.0,0.679,0.321,0.796,ChIJGz-OvHK1RIYRGENTa5vNjeg
530,0.055,0.86,0.086,0.3612,ChIJGz-OvHK1RIYRGENTa5vNjeg
531,0.0,0.493,0.507,0.8834,ChIJGz-OvHK1RIYRGENTa5vNjeg
532,0.0,0.514,0.486,0.8856,ChIJGz-OvHK1RIYRGENTa5vNjeg
533,0.074,0.701,0.225,0.7739,ChIJGz-OvHK1RIYRGENTa5vNjeg
534,0.0,0.407,0.593,0.9551,ChIJGz-OvHK1RIYRGENTa5vNjeg
535,0.125,0.53,0.345,0.7003,ChIJGz-OvHK1RIYRGENTa5vNjeg
536,0.0,0.68,0.32,0.5106,ChIJGz-OvHK1RIYRGENTa5vNjeg
537,0.0,0.689,0.311,0.8264,ChIJGz-OvHK1RIYRGENTa5vNjeg
538,0.0,0.794,0.206,0.6892,ChIJGz-OvHK1RIYRGENTa5vNjeg
539,0.0,0.295,0.705,0.6988,ChIJGz-OvHK1RIYRGENTa5vNjeg
540,0.0,0.622,0.378,0.8066,ChIJGz-OvHK1RIYRGENTa5vNjeg
541,0.121,0.704,0.175,0.4102,ChIJGz-OvHK1RIYRGENTa5vNjeg
542,0.0,0.445,0.555,0.8748,ChIJGz-OvHK1RIYRGENTa5vNjeg
543,0.0,0.552,0.448,0.8074,ChIJGz-OvHK1RIYRGENTa5vNjeg
544,0.0,0.394,0.606,0.8271,ChIJGz-OvHK1RIYRGENTa5vNjeg
545,0.0,0.185,0.815,0.9347,ChIJGz-OvHK1RIYRGENTa5vNjeg
546,0.0,0.328,0.672,0.8481,ChIJGz-OvHK1RIYRGENTa5vNjeg
547,0.0,0.549,0.451,0.5093,ChIJGz-OvHK1RIYRGENTa5vNjeg
548,0.0,1.0,0.0,0.0,ChIJGz-OvHK1RIYRGENTa5vNjeg
549,0.0,0.192,0.808,0.6369,ChIJGz-OvHK1RIYRGENTa5vNjeg
550,0.0,0.417,0.583,0.6369,ChIJGz-OvHK1RIYRGENTa5vNjeg
567,0.0,0.719,0.281,0.9792,ChIJ80i_rdO0RIYRjCZLgstsFqU
568,0.036,0.669,0.295,0.9644,ChIJ80i_rdO0RIYRjCZLgstsFqU
569,0.0,0.823,0.177,0.9291,ChIJ80i_rdO0RIYRjCZLgstsFqU
570,0.0,0.637,0.363,0.9476,ChIJ80i_rdO0RIYRjCZLgstsFqU
571,0.0,0.811,0.189,0.9604,ChIJ80i_rdO0RIYRjCZLgstsFqU
572,0.0,0.78,0.22,0.8899,ChIJ80i_rdO0RIYRjCZLgstsFqU
573,0.038,0.707,0.254,0.9745,ChIJ80i_rdO0RIYRjCZLgstsFqU
574,0.027,0.749,0.224,0.9978,ChIJ80i_rdO0RIYRjCZLgstsFqU
575,0.078,0.717,0.205,0.8966,ChIJ80i_rdO0RIYRjCZLgstsFqU
576,0.0,0.725,0.275,0.9493,ChIJ80i_rdO0RIYRjCZLgstsFqU
577,0.029,0.769,0.202,0.9561,ChIJ80i_rdO0RIYRjCZLgstsFqU
578,0.091,0.587,0.322,0.9728,ChIJ80i_rdO0RIYRjCZLgstsFqU
579,0.02,0.753,0.228,0.9656,ChIJ80i_rdO0RIYRjCZLgstsFqU
580,0.0,0.561,0.439,0.9771,ChIJ80i_rdO0RIYRjCZLgstsFqU
581,0.0,0.623,0.377,0.902,ChIJ80i_rdO0RIYRjCZLgstsFqU
582,0.083,0.706,0.211,0.8564,ChIJ80i_rdO0RIYRjCZLgstsFqU
583,0.025,0.591,0.384,0.9838,ChIJ80i_rdO0RIYRjCZLgstsFqU
584,0.039,0.645,0.316,0.9986,ChIJ80i_rdO0RIYRjCZLgstsFqU
585,0.012,0.591,0.397,0.998,ChIJ80i_rdO0RIYRjCZLgstsFqU
586,0.0,0.636,0.364,0.9531,ChIJ80i_rdO0RIYRjCZLgstsFqU
587,0.017,0.615,0.369,0.9821,ChIJ80i_rdO0RIYRjCZLgstsFqU
588,0.031,0.592,0.377,0.9804,ChIJ80i_rdO0RIYRjCZLgstsFqU
589,0.0,0.4,0.6,0.9583,ChIJ80i_rdO0RIYRjCZLgstsFqU
590,0.031,0.682,0.286,0.958,ChIJ80i_rdO0RIYRjCZLgstsFqU
591,0.028,0.828,0.144,0.953,ChIJ80i_rdO0RIYRjCZLgstsFqU
592,0.009,0.765,0.226,0.9882,ChIJ80i_rdO0RIYRjCZLgstsFqU
593,0.065,0.685,0.25,0.9862,ChIJ80i_rdO0RIYRjCZLgstsFqU
594,0.04,0.717,0.243,0.9446,ChIJ80i_rdO0RIYRjCZLgstsFqU
595,0.022,0.78,0.199,0.9956,ChIJ80i_rdO0RIYRjCZLgstsFqU
596,0.0,0.418,0.582,0.974,ChIJ80i_rdO0RIYRjCZLgstsFqU
597,0.0,0.562,0.438,0.9794,ChIJ80i_rdO0RIYRjCZLgstsFqU
598,0.0,0.616,0.384,0.9704,ChIJ80i_rdO0RIYRjCZLgstsFqU
599,0.0,0.684,0.316,0.9106,ChIJ80i_rdO0RIYRjCZLgstsFqU
600,0.0,0.616,0.384,0.8741,ChIJ80i_rdO0RIYRjCZLgstsFqU
601,0.0,1.0,0.0,0.0,ChIJ80i_rdO0RIYRjCZLgstsFqU
602,0.0,0.507,0.493,0.9392,ChIJ80i_rdO0RIYRjCZLgstsFqU
603,0.0,0.648,0.352,0.8834,ChIJ80i_rdO0RIYRjCZLgstsFqU
604,0.0,0.402,0.598,0.9575,ChIJ80i_rdO0RIYRjCZLgstsFqU
605,0.0,0.482,0.518,0.9168,ChIJ80i_rdO0RIYRjCZLgstsFqU
606,0.0,0.56,0.44,0.8997,ChIJ80i_rdO0RIYRjCZLgstsFqU
607,0.0,0.386,0.614,0.9231,ChIJ80i_rdO0RIYRjCZLgstsFqU
608,0.0,0.493,0.507,0.9239,ChIJ80i_rdO0RIYRjCZLgstsFqU
609,0.0,0.512,0.488,0.8883,ChIJ80i_rdO0RIYRjCZLgstsFqU
610,0.0,0.179,0.821,0.9652,ChIJ80i_rdO0RIYRjCZLgstsFqU
611,0.0,0.29,0.71,0.8689,ChIJ80i_rdO0RIYRjCZLgstsFqU
618,0.0,0.674,0.326,0.9819,ChIJ7YydDH3MRIYRW04GcSpT4WU
619,0.043,0.836,0.121,0.7673,ChIJ7YydDH3MRIYRW04GcSpT4WU
620,0.022,0.819,0.159,0.8278,ChIJ7YydDH3MRIYRW04GcSpT4WU
621,0.0,0.727,0.273,0.9637,ChIJ7YydDH3MRIYRW04GcSpT4WU
622,0.0,0.866,0.134,0.8625,ChIJ7YydDH3MRIYRW04GcSpT4WU
623,0.024,0.848,0.128,0.9126,ChIJ7YydDH3MRIYRW04GcSpT4WU
624,0.073,0.776,0.151,0.8611,ChIJ7YydDH3MRIYRW04GcSpT4WU
625,0.105,0.814,0.081,-0.2936,ChIJ7YydDH3MRIYRW04GcSpT4WU
626,0.0,0.613,0.387,0.9468,ChIJ7YydDH3MRIYRW04GcSpT4WU
627,0.0,0.728,0.272,0.9321,ChIJ7YydDH3MRIYRW04GcSpT4WU
628,0.194,0.718,0.089,-0.7964,ChIJ7YydDH3MRIYRW04GcSpT4WU
629,0.0,0.827,0.173,0.8777,ChIJ7YydDH3MRIYRW04GcSpT4WU
630,0.0,0.737,0.263,0.8542,ChIJ7YydDH3MRIYRW04GcSpT4WU
631,0.0,0.72,0.28,0.906,ChIJ7YydDH3MRIYRW04GcSpT4WU
632,0.0,1.0,0.0,0.0,ChIJ7YydDH3MRIYRW04GcSpT4WU
633,0.0,0.676,0.324,0.8016,ChIJ7YydDH3MRIYRW04GcSpT4WU
634,0.0,0.677,0.323,0.9239,ChIJ7YydDH3MRIYRW04GcSpT4WU
635,0.0,0.864,0.136,0.4497,ChIJ7YydDH3MRIYRW04GcSpT4WU
636,0.031,0.916,0.053,0.7534,ChIJ7YydDH3MRIYRW04GcSpT4WU
637,0.0,0.722,0.278,0.9271,ChIJ7YydDH3MRIYRW04GcSpT4WU
638,0.0,0.825,0.175,0.9161,ChIJ7YydDH3MRIYRW04GcSpT4WU
639,0.0,0.786,0.214,0.6344,ChIJ7YydDH3MRIYRW04GcSpT4WU
640,0.0,0.699,0.301,0.9801,ChIJ7YydDH3MRIYRW04GcSpT4WU
641,0.0,0.765,0.235,0.9053,ChIJ7YydDH3MRIYRW04GcSpT4WU
642,0.0,0.421,0.579,0.9652,ChIJ7YydDH3MRIYRW04GcSpT4WU
643,0.032,0.773,0.196,0.9622,ChIJ7YydDH3MRIYRW04GcSpT4WU
644,0.0,1.0,0.0,0.0,ChIJ7YydDH3MRIYRW04GcSpT4WU
645,0.085,0.762,0.153,0.9533,ChIJ7YydDH3MRIYRW04GcSpT4WU
646,0.068,0.624,0.308,0.9831,ChIJ7YydDH3MRIYRW04GcSpT4WU
647,0.0,0.702,0.298,0.9791,ChIJ7YydDH3MRIYRW04GcSpT4WU
648,0.077,0.709,0.215,0.9708,ChIJ7YydDH3MRIYRW04GcSpT4WU
649,0.06,0.867,0.073,0.6016,ChIJ7YydDH3MRIYRW04GcSpT4WU
650,0.089,0.887,0.025,-0.6597,ChIJ7YydDH3MRIYRW04GcSpT4WU
651,0.051,0.89,0.058,0.2755,ChIJ7YydDH3MRIYRW04GcSpT4WU
652,0.0,0.796,0.204,0.964,ChIJ7YydDH3MRIYRW04GcSpT4WU
653,0.0,0.745,0.255,0.9792,ChIJ7YydDH3MRIYRW04GcSpT4WU
654,0.032,0.856,0.112,0.8719,ChIJ7YydDH3MRIYRW04GcSpT4WU
655,0.08,0.779,0.141,0.6597,ChIJ7YydDH3MRIYRW04GcSpT4WU
656,0.0,0.765,0.235,0.9607,ChIJ7YydDH3MRIYRW04GcSpT4WU
657,0.025,0.565,0.41,0.9712,ChIJ7YydDH3MRIYRW04GcSpT4WU
658,0.061,0.839,0.101,0.5574,ChIJ7YydDH3MRIYRW04GcSpT4WU
659,0.044,0.78,0.176,0.9814,ChIJ7YydDH3MRIYRW04GcSpT4WU
660,0.043,0.788,0.169,0.9905,ChIJ7YydDH3MRIYRW04GcSpT4WU
661,0.0,0.564,0.436,0.8588,ChIJ7YydDH3MRIYRW04GcSpT4WU
662,0.071,0.749,0.18,0.7955,ChIJ7YydDH3MRIYRW04GcSpT4WU
663,0.034,0.604,0.362,0.9752,ChIJ7YydDH3MRIYRW04GcSpT4WU
664,0.013,0.841,0.146,0.9693,ChIJ7YydDH3MRIYRW04GcSpT4WU
665,0.0,0.629,0.371,0.9805,ChIJ7YydDH3MRIYRW04GcSpT4WU
666,0.023,0.815,0.162,0.9344,ChIJ7YydDH3MRIYRW04GcSpT4WU
667,0.0,0.623,0.377,0.979,ChIJ7YydDH3MRIYRW04GcSpT4WU
668,0.05,0.705,0.245,0.9569,ChIJ7YydDH3MRIYRW04GcSpT4WU
669,0.0,0.835,0.165,0.948,ChIJ7YydDH3MRIYRW04GcSpT4WU
670,0.043,0.837,0.119,0.7422,ChIJ7YydDH3MRIYRW04GcSpT4WU
671,0.0,1.0,0.0,0.0,ChIJ7YydDH3MRIYRW04GcSpT4WU
672,0.082,0.707,0.211,0.705,ChIJ7YydDH3MRIYRW04GcSpT4WU
673,0.0,1.0,0.0,0.0,ChIJ7YydDH3MRIYRW04GcSpT4WU
674,0.041,0.822,0.137,0.9339,ChIJ7YydDH3MRIYRW04GcSpT4WU
675,0.016,0.829,0.155,0.9682,ChIJ7YydDH3MRIYRW04GcSpT4WU
676,0.024,0.704,0.272,0.9716,ChIJ7YydDH3MRIYRW04GcSpT4WU
677,0.013,0.823,0.164,0.962,ChIJ7YydDH3MRIYRW04GcSpT4WU
678,0.028,0.708,0.265,0.9294,ChIJ7YydDH3MRIYRW04GcSpT4WU
679,0.099,0.82,0.081,-0.4385,ChIJ7YydDH3MRIYRW04GcSpT4WU
680,0.067,0.779,0.154,0.5713,ChIJ7YydDH3MRIYRW04GcSpT4WU
681,0.036,0.734,0.231,0.9791,ChIJ7YydDH3MRIYRW04GcSpT4WU
682,0.051,0.654,0.295,0.9676,ChIJ7YydDH3MRIYRW04GcSpT4WU
683,0.168,0.393,0.439,0.7639,ChIJ7YydDH3MRIYRW04GcSpT4WU
684,0.014,0.816,0.17,0.9229,ChIJ7YydDH3MRIYRW04GcSpT4WU
685,0.024,0.807,0.169,0.905,ChIJ7YydDH3MRIYRW04GcSpT4WU
686,0.0,0.856,0.144,0.8438,ChIJ7YydDH3MRIYRW04GcSpT4WU
687,0.04,0.656,0.304,0.9872,ChIJ7YydDH3MRIYRW04GcSpT4WU
688,0.0,0.857,0.143,0.8114,ChIJ7YydDH3MRIYRW04GcSpT4WU
689,0.239,0.613,0.148,-0.8572,ChIJ7YydDH3MRIYRW04GcSpT4WU
690,0.132,0.812,0.056,-0.9799,ChIJ7YydDH3MRIYRW04GcSpT4WU
691,0.057,0.782,0.161,0.9845,ChIJ7YydDH3MRIYRW04GcSpT4WU
692,0.0,0.803,0.197,0.9322,ChIJ7YydDH3MRIYRW04GcSpT4WU
693,0.09,0.795,0.115,0.4403,ChIJ7YydDH3MRIYRW04GcSpT4WU
694,0.013,0.831,0.155,0.9967,ChIJ7YydDH3MRIYRW04GcSpT4WU
695,0.083,0.811,0.106,0.9361,ChIJ7YydDH3MRIYRW04GcSpT4WU
696,0.145,0.533,0.322,0.7884,ChIJ7YydDH3MRIYRW04GcSpT4WU
697,0.036,0.858,0.105,0.7893,ChIJ7YydDH3MRIYRW04GcSpT4WU
698,0.084,0.677,0.239,0.8553,ChIJ7YydDH3MRIYRW04GcSpT4WU
699,0.052,0.751,0.198,0.9217,ChIJ7YydDH3MRIYRW04GcSpT4WU
700,0.035,0.805,0.16,0.8294,ChIJ7YydDH3MRIYRW04GcSpT4WU
701,0.0,0.656,0.344,0.6369,ChIJ7YydDH3MRIYRW04GcSpT4WU
702,0.052,0.832,0.116,0.5367,ChIJ7YydDH3MRIYRW04GcSpT4WU
703,0.0,0.882,0.118,0.6941,ChIJ7YydDH3MRIYRW04GcSpT4WU
704,0.126,0.765,0.109,-0.2648,ChIJ7YydDH3MRIYRW04GcSpT4WU
705,0.113,0.887,0.0,-0.4504,ChIJ7YydDH3MRIYRW04GcSpT4WU
706,0.233,0.661,0.107,-0.8711,ChIJ7YydDH3MRIYRW04GcSpT4WU
707,0.0,0.542,0.458,0.8745,ChIJ7YydDH3MRIYRW04GcSpT4WU
708,0.245,0.755,0.0,-0.5953,ChIJ7YydDH3MRIYRW04GcSpT4WU
709,0.0,0.568,0.432,0.9287,ChIJ7YydDH3MRIYRW04GcSpT4WU
710,0.0,0.773,0.227,0.8553,ChIJ7YydDH3MRIYRW04GcSpT4WU
711,0.0,1.0,0.0,0.0,ChIJ7YydDH3MRIYRW04GcSpT4WU
712,0.149,0.78,0.071,-0.4939,ChIJ7YydDH3MRIYRW04GcSpT4WU
713,0.176,0.744,0.08,-0.5414,ChIJ7YydDH3MRIYRW04GcSpT4WU
714,0.0,0.916,0.084,0.296,ChIJ7YydDH3MRIYRW04GcSpT4WU
715,0.0,0.628,0.372,0.8519,ChIJ7YydDH3MRIYRW04GcSpT4WU
716,0.039,0.833,0.128,0.538,ChIJ7YydDH3MRIYRW04GcSpT4WU
717,0.0,1.0,0.0,0.0,ChIJ7YydDH3MRIYRW04GcSpT4WU
718,0.0,0.573,0.427,0.8479,ChIJ7YydDH3MRIYRW04GcSpT4WU
719,0.0,0.611,0.389,0.9459,ChIJ7YydDH3MRIYRW04GcSpT4WU
720,0.0,0.495,0.505,0.6239,ChIJ7YydDH3MRIYRW04GcSpT4WU
721,0.0,0.66,0.34,0.8832,ChIJ7YydDH3MRIYRW04GcSpT4WU
722,0.124,0.604,0.272,0.5994,ChIJ7YydDH3MRIYRW04GcSpT4WU
723,0.0,0.588,0.412,0.8689,ChIJ7YydDH3MRIYRW04GcSpT4WU
724,0.0,0.729,0.271,0.9186,ChIJ7YydDH3MRIYRW04GcSpT4WU
725,0.0,0.769,0.231,0.7845,ChIJ7YydDH3MRIYRW04GcSpT4WU
726,0.08,0.655,0.265,0.7263,ChIJ7YydDH3MRIYRW04GcSpT4WU
727,0.088,0.693,0.219,0.431,ChIJ7YydDH3MRIYRW04GcSpT4WU
728,0.0,0.615,0.385,0.9371,ChIJ7YydDH3MRIYRW04GcSpT4WU
729,0.0,0.654,0.346,0.8578,ChIJ7YydDH3MRIYRW04GcSpT4WU
730,0.123,0.612,0.265,0.419,ChIJ7YydDH3MRIYRW04GcSpT4WU
731,0.0,0.4,0.6,0.5413,ChIJ7YydDH3MRIYRW04GcSpT4WU
732,0.21,0.565,0.225,0.1577,ChIJ7YydDH3MRIYRW04GcSpT4WU
733,0.0,0.574,0.426,0.9162,ChIJ7YydDH3MRIYRW04GcSpT4WU
734,0.0,0.373,0.627,0.8555,ChIJ7YydDH3MRIYRW04GcSpT4WU
735,0.0,0.546,0.454,0.8955,ChIJ7YydDH3MRIYRW04GcSpT4WU
736,0.37,0.528,0.102,-0.8225,ChIJ7YydDH3MRIYRW04GcSpT4WU
737,0.0,0.772,0.228,0.6808,ChIJ7YydDH3MRIYRW04GcSpT4WU
738,0.0,0.546,0.454,0.8519,ChIJ7YydDH3MRIYRW04GcSpT4WU
739,0.0,0.759,0.241,0.6597,ChIJ7YydDH3MRIYRW04GcSpT4WU
740,0.0,0.86,0.14,0.0772,ChIJ7YydDH3MRIYRW04GcSpT4WU
741,0.0,0.272,0.728,0.9246,ChIJ7YydDH3MRIYRW04GcSpT4WU
742,0.105,0.895,0.0,-0.25,ChIJ7YydDH3MRIYRW04GcSpT4WU
743,0.0,0.428,0.572,0.8934,ChIJ7YydDH3MRIYRW04GcSpT4WU
744,0.0,0.452,0.548,0.8977,ChIJ7YydDH3MRIYRW04GcSpT4WU
745,0.0,1.0,0.0,0.0,ChIJ7YydDH3MRIYRW04GcSpT4WU
746,0.0,0.428,0.572,0.924,ChIJ7YydDH3MRIYRW04GcSpT4WU
747,0.0,0.424,0.576,0.8591,ChIJ7YydDH3MRIYRW04GcSpT4WU
748,0.0,0.633,0.367,0.4404,ChIJ7YydDH3MRIYRW04GcSpT4WU
749,0.135,0.647,0.218,0.2579,ChIJ7YydDH3MRIYRW04GcSpT4WU
750,0.0,0.682,0.318,0.6369,ChIJ7YydDH3MRIYRW04GcSpT4WU
751,0.0,0.608,0.392,0.7003,ChIJ7YydDH3MRIYRW04GcSpT4WU
752,0.209,0.465,0.326,0.25,ChIJ7YydDH3MRIYRW04GcSpT4WU
753,0.0,1.0,0.0,0.0,ChIJ7YydDH3MRIYRW04GcSpT4WU
754,0.0,0.694,0.306,0.4754,ChIJ7YydDH3MRIYRW04GcSpT4WU
755,0.0,0.357,0.643,0.8016,ChIJ7YydDH3MRIYRW04GcSpT4WU
756,0.0,0.572,0.428,0.6696,ChIJ7YydDH3MRIYRW04GcSpT4WU
757,0.0,0.572,0.428,0.6696,ChIJ7YydDH3MRIYRW04GcSpT4WU
758,0.0,0.671,0.329,0.7089,ChIJ7YydDH3MRIYRW04GcSpT4WU
759,0.443,0.429,0.129,-0.765,ChIJ7YydDH3MRIYRW04GcSpT4WU
760,0.0,0.4,0.6,0.6696,ChIJ7YydDH3MRIYRW04GcSpT4WU
761,0.0,0.227,0.773,0.7783,ChIJ7YydDH3MRIYRW04GcSpT4WU
762,0.0,0.656,0.344,0.6369,ChIJ7YydDH3MRIYRW04GcSpT4WU
763,0.0,0.0,0.0,0.0,ChIJ7YydDH3MRIYRW04GcSpT4WU
764,0.0,1.0,0.0,0.0,ChIJ7YydDH3MRIYRW04GcSpT4WU
765,0.0,0.229,0.771,0.8777,ChIJ7YydDH3MRIYRW04GcSpT4WU
766,0.0,0.417,0.583,0.6369,ChIJ7YydDH3MRIYRW04GcSpT4WU
767,0.0,0.323,0.677,0.6369,ChIJ7YydDH3MRIYRW04GcSpT4WU
768,0.0,1.0,0.0,0.0,ChIJ7YydDH3MRIYRW04GcSpT4WU
769,0.0,0.417,0.583,0.6369,ChIJ7YydDH3MRIYRW04GcSpT4WU
770,0.232,0.526,0.242,0.0258,ChIJ7YydDH3MRIYRW04GcSpT4WU
771,0.0,1.0,0.0,0.0,ChIJ7YydDH3MRIYRW04GcSpT4WU
772,0.0,0.417,0.583,0.6369,ChIJ7YydDH3MRIYRW04GcSpT4WU
773,0.0,0.34,0.66,0.5962,ChIJ7YydDH3MRIYRW04GcSpT4WU
774,0.0,1.0,0.0,0.0,ChIJ7YydDH3MRIYRW04GcSpT4WU
775,0.0,0.0,1.0,0.6249,ChIJ7YydDH3MRIYRW04GcSpT4WU
776,0.0,1.0,0.0,0.0,ChIJ7YydDH3MRIYRW04GcSpT4WU
777,0.0,0.377,0.623,0.5106,ChIJ7YydDH3MRIYRW04GcSpT4WU
778,0.0,0.423,0.577,0.6249,ChIJ7YydDH3MRIYRW04GcSpT4WU
779,0.0,0.488,0.512,0.2732,ChIJ7YydDH3MRIYRW04GcSpT4WU
780,0.0,1.0,0.0,0.0,ChIJ7YydDH3MRIYRW04GcSpT4WU
781,0.0,1.0,0.0,0.0,ChIJ7YydDH3MRIYRW04GcSpT4WU
782,0.0,1.0,0.0,0.0,ChIJ7YydDH3MRIYRW04GcSpT4WU
783,0.0,0.263,0.737,0.4215,ChIJ7YydDH3MRIYRW04GcSpT4WU
784,0.0,0.0,1.0,0.6103,ChIJ7YydDH3MRIYRW04GcSpT4WU
785,0.0,0.196,0.804,0.6249,ChIJ7YydDH3MRIYRW04GcSpT4WU
868,0.0,0.643,0.357,0.9725,ChIJlzkXFtK1RIYRPejmP7HzlIU
869,0.0,0.67,0.33,0.953,ChIJlzkXFtK1RIYRPejmP7HzlIU
870,0.0,0.641,0.359,0.9148,ChIJlzkXFtK1RIYRPejmP7HzlIU
871,0.031,0.554,0.415,0.979,ChIJlzkXFtK1RIYRPejmP7HzlIU
872,0.053,0.932,0.015,-0.5423,ChIJlzkXFtK1RIYRPejmP7HzlIU
873,0.0,0.692,0.308,0.7969,ChIJlzkXFtK1RIYRPejmP7HzlIU
874,0.0,0.524,0.476,0.9537,ChIJlzkXFtK1RIYRPejmP7HzlIU
875,0.0,0.634,0.366,0.9699,ChIJlzkXFtK1RIYRPejmP7HzlIU
876,0.0,0.547,0.453,0.9118,ChIJlzkXFtK1RIYRPejmP7HzlIU
877,0.1,0.596,0.304,0.9544,ChIJlzkXFtK1RIYRPejmP7HzlIU
878,0.091,0.779,0.13,0.8466,ChIJlzkXFtK1RIYRPejmP7HzlIU
879,0.023,0.798,0.179,0.7896,ChIJlzkXFtK1RIYRPejmP7HzlIU
880,0.0,0.476,0.524,0.8718,ChIJlzkXFtK1RIYRPejmP7HzlIU
881,0.0,0.61,0.39,0.9884,ChIJlzkXFtK1RIYRPejmP7HzlIU
882,0.0,0.313,0.687,0.8997,ChIJlzkXFtK1RIYRPejmP7HzlIU
883,0.028,0.703,0.269,0.9321,ChIJlzkXFtK1RIYRPejmP7HzlIU
884,0.0,0.466,0.534,0.9602,ChIJlzkXFtK1RIYRPejmP7HzlIU
885,0.168,0.776,0.055,-0.8934,ChIJlzkXFtK1RIYRPejmP7HzlIU
886,0.083,0.726,0.191,0.611,ChIJlzkXFtK1RIYRPejmP7HzlIU
887,0.0,0.672,0.328,0.5994,ChIJlzkXFtK1RIYRPejmP7HzlIU
888,0.0,0.607,0.393,0.945,ChIJlzkXFtK1RIYRPejmP7HzlIU
889,0.0,0.64,0.36,0.8074,ChIJlzkXFtK1RIYRPejmP7HzlIU
890,0.0,0.595,0.405,0.9429,ChIJlzkXFtK1RIYRPejmP7HzlIU
891,0.245,0.625,0.13,-0.3802,ChIJlzkXFtK1RIYRPejmP7HzlIU
892,0.0,0.561,0.439,0.8622,ChIJlzkXFtK1RIYRPejmP7HzlIU
893,0.0,0.455,0.545,0.895,ChIJlzkXFtK1RIYRPejmP7HzlIU
894,0.0,0.84,0.16,0.2714,ChIJlzkXFtK1RIYRPejmP7HzlIU
895,0.0,0.625,0.375,0.4588,ChIJlzkXFtK1RIYRPejmP7HzlIU
896,0.0,0.185,0.815,0.8684,ChIJlzkXFtK1RIYRPejmP7HzlIU
897,0.0,0.192,0.808,0.8555,ChIJlzkXFtK1RIYRPejmP7HzlIU
898,0.0,0.494,0.506,0.6249,ChIJlzkXFtK1RIYRPejmP7HzlIU
922,0.0,0.664,0.336,0.989,ChIJv6Nve2RLW4YR3M4o2vpfZuk
923,0.0,0.614,0.386,0.9841,ChIJv6Nve2RLW4YR3M4o2vpfZuk
924,0.041,0.742,0.217,0.9781,ChIJv6Nve2RLW4YR3M4o2vpfZuk
925,0.064,0.806,0.13,0.9509,ChIJv6Nve2RLW4YR3M4o2vpfZuk
926,0.0,0.891,0.109,0.6124,ChIJv6Nve2RLW4YR3M4o2vpfZuk
927,0.025,0.9,0.074,0.6142,ChIJv6Nve2RLW4YR3M4o2vpfZuk
928,0.069,0.801,0.13,0.41,ChIJv6Nve2RLW4YR3M4o2vpfZuk
929,0.058,0.781,0.161,0.8875,ChIJv6Nve2RLW4YR3M4o2vpfZuk
930,0.061,0.649,0.29,0.8147,ChIJv6Nve2RLW4YR3M4o2vpfZuk
931,0.0,0.706,0.294,0.7579,ChIJv6Nve2RLW4YR3M4o2vpfZuk
932,0.0,0.793,0.207,0.8271,ChIJv6Nve2RLW4YR3M4o2vpfZuk
933,0.022,0.772,0.206,0.9891,ChIJv6Nve2RLW4YR3M4o2vpfZuk
